Brake Shoe
Brake Liner
Clutch Cable
Clutch Plate
Pressure Plate
Accelerator Cable
Front Brake Shoe
Rear Brake Shoe
Front Wheel Bearing
Rear Wheel Bearing
Chain Sprocket
Shockup Oil seal
Engine Oil
Indicator FR
Indicator FL
Indicator RR
Indicator RL
Meter cable
Green Bush
Link Bush
Choke cable
Clutch Cable
Brake Cable
Dipper Switch
Handle
Accelerator Grip
Nut
Bolts
Screw
Half Axle
Main Axle
Wheel Axle
Drum
Drum Plate
Drum Rubber
Brake Clamp
Brake Rod
Chain Adjuster
Chain
Spokes
Rim
MagWheel
Tyre
Drum Hub
Shockup 
Front Fork
Front fork Pipe
Shocker oil
Gear Oil
Brake Oil
Coolant
Engine Oil
Chain Spray
Grease
Wax Polish
Liquid Polish
Washing
Petrol Tank Washing
Diesel Wash
Seat Plate
Seat Cover
Seat Cushion
Petrol Tank
Side panel Left
Side panel Right
Visor
Mirror
Fairing
Indicators
Levers
Meter
Meter Drive
Tail Lamp
Tail Lamp Cover
Tail Lamp Bulb
Tail Lamp assembly
Headlight Bulb
Headlight Reflector
Headlight Glass
Spark Plug
Threading
Buffing
Head Lapping
Valve Grinding
Block Boring
Block Porting
Spark plug Cap
Petrol Tank Cap
Lock Set
Ignition Switch
Panel Lock
Petrol Tank Lock
Petrol Cork
Petrol cork Lock
Indicator Bulb
Indicator Cover
Clutch Lever 
Brake Lever
Gear Lever
Gear Pedal
Brake Pedal
Handle T
Yoke
Switch indicator
Switch Self
Switch Upper Dipper
Switch Horn
Switch Kill
Switch Engine Shut Down
Switch Parking
Mat
Fibre
Front Footrest
Footrest Rubber
Rear Footrest
Swing Arm Bush
Air Filter Box
Manifold
Hose Pipe
Carburettor
Carburettor Repair Kit
Slow jet
Main Jet
Carburettor Needle
Float
Float Pin
Float Chamber
Carburettor Piston
Head
Block
Block Piston
Piston
Piston Rings
Gudgeon Pin
Valves
Rocker Arm
Camshaft
Crankrod
Crank Bearing
Gear naal
Gear Rod
Gear shaft
Clutch Assembly
Clutch Hub
Clutch Center
Slipper Clutch
Gears
Kick Rod
Kick Shaft
Kick Boss
Kick
Kick Rubber
Drilling
Clutch Cover
Magnet Cover
Tube Tyre
Puncture
Starter Motor
CDI
Relay
Rectifier
Wiring Loom
Fuse
Battery
Coil Plate
Winding
CB Point
Disc Plate
Disc Caliper
Disc Oil
Disc Assembly
Mudguard
Chain Cover
Mud Flap
leg Guard
Saree Guard
Scooter Accessories
Grab Rail
Back rest
Cowel
Helmet Lock
Bike Cover
Teflon Coating
Painting
Graphics
Sticker
Touchup
Welding
Gas Cutting
Denting
Petrol
Petrol Pipe
2T Oil
Crank repair
Gearbox
Engine belly
Clamps
Sockets
Silencer
Silencer Cover
muffler
Bend Pipe
Chuck Nut
Packing Set
Ana Bond
Slack Tube
Chasis Alignment
Fork Out
Handle Out
T Out
Soldering
Mono Shockup
Shockup Repair
Oil Seal
Oil Seal Kit
Utility Box
Tool Box
Dicky
Side Stand
Main Stand
Helmet Lock
Gloves
Air Pipe
Drain Bolt
Kaan
Swing Arm
Dicky Lock
Flush oil
Battery Clamp
Battery Charging
Battery Water
Engine Repair
Half Engine Repair
Full Engine Repair
Clutch Repair
Fork Repair
Battery Box
Battery Cover
Distill Water
O RING CARBURETTOR
WASHER
SWITCH ASSEMBLY IGNITION
RUBBER PAD CYL HEAD
TUBE THROTTLE GRIP
GUIDE
RECTIFIER ASSEMBLY
FUSE CASE ASSEMBLY
Horn
CLUTCH CABLE INNER
CIRCLIP
STUD BOLT
DOME NUT
REED VALVE ASSY
Tappet
Number Plate
Inner Tube
